MEMORY_INITIALIZATION_RADIX = 10;
MEMORY_INITIALIZATION_VECTOR =
4096,4095,4095,4094,4092,4090,4088,4085,4082,4079,4075,
4071,4066,4061,4055,4050,4043,4036,4029,4022,4014,
4006,3997,3988,3978,3968,3958,3947,3936,3924,3913,
3900,3888,3874,3861,3847,3833,3818,3803,3788,3772,
3756,3740,3723,3705,3688,3670,3651,3633,3614,3594,
3574,3554,3534,3513,3491,3470,3448,3426,3403,3380,
3357,3333,3309,3285,3260,3235,3210,3184,3159,3132,
3106,3079,3052,3024,2996,2968,2940,2911,2882,2853,
2824,2794,2764,2733,2703,2672,2641,2609,2578,2546,
2513,2481,2448,2415,2382,2349,2315,2281,2247,2213,
2178,2143,2108,2073,2038,2002,1966,1930,1894,1857,
1821,1784,1747,1710,1673,1635,1598,1560,1522,1484,
1445,1407,1369,1330,1291,1252,1213,1174,1135,1095,
1056,1016,976,936,897,857,816,776,736,696,
655,615,574,534,493,452,412,371,330,289,
248,207,167,126,85,44,3;